{"doping": [1e+18, 1.3492828476735588e+18, 1.820564203026083e+18, 2.456456052231577e+18, 3.3144540173399977e+18, 4.4721359549995786e+18, 6.034176336545144e+18, 8.1418106307381e+18, 1.0985605433061159e+19, 1.4822688982139003e+19, 2e+19], "temperatures": [300.0, 320.0, 340.0, 360.0, 380.0, 400.0, 420.0, 440.0, 460.0, 480.0, 500.0], "fermi_levels": [[5.901404958272382, 5.911137086073013, 5.920993583514478, 5.930963781012237, 5.941038810375508, 5.951211207521042, 5.961474624032433, 5.971823601305597, 5.982253385511354, 5.992759772490536, 6.003338958091339], [5.8936092906780075, 5.902826652521606, 5.912168057469406, 5.921622917571022, 5.9311824163373075, 5.9408391359443735, 5.950586755187193, 5.960419853557626, 5.970333704437884, 5.98032416625498, 5.990387519212412], [5.885795837721583, 5.894498950624488, 5.903325676691694, 5.912265528654939, 5.921309758053549, 5.930451006928679, 5.939683000334663, 5.949000350417022, 5.958398365932768, 5.967872943404858, 5.977420431065254], [5.8779584305818435, 5.88614798299213, 5.894460577127604, 5.902885850892385, 5.911415161950197, 5.92004122309181, 5.928757816515463, 5.937559597904897, 5.946441919555342, 5.955400710643416, 5.964432368381579], [5.870088791555098, 5.877765686890786, 5.885564862032848, 5.893476131759412, 5.90149098434886, 5.909602227831807, 5.9178037205983784, 5.926090175476223, 5.93445699646221, 5.942900153550029, 5.95141607932695], [5.862175818395754, 5.869341229467594, 5.876627918966792, 5.884025932968261, 5.891526925739839, 5.899123835926797, 5.906810619880247, 5.914582072062002, 5.922433650891697, 5.930361375343523, 5.938361729706379], [5.854204640081232, 5.86086007167888, 5.867635478278487, 5.874521197116796, 5.881509105595013, 5.888592311069002, 5.895764900504533, 5.903021760882128, 5.910358434976721, 5.917771007069833, 5.925256004988576], [5.8461553841361535, 5.852302735614371, 5.858568377709738, 5.864943025897268, 5.871418837855445, 5.877989141352361, 5.884648186622103, 5.891390988538708, 5.89821319600152, 5.9051109667627975, 5.912080904841538], [5.838001552112592, 5.843643160929458, 5.849400913385098, 5.855266003874926, 5.861230951988859, 5.867289352166576, 5.873435669612117, 5.879665087910113, 5.885973375690005, 5.892356802270738, 5.89881204786319], [5.829707872611698, 5.834846506165193, 5.840098616641611, 5.8454559725966115, 5.8509115426079905, 5.856459258536614, 5.862093849536967, 5.867810700557941, 5.873605748939569, 5.879475389173176, 5.885416407594045], [5.821227452251553, 5.825866237129955, 5.830615258055181, 5.835466980194375, 5.840414894583947, 5.8454533466978384, 5.85057738406375, 5.85578264197533, 5.86106525641573, 5.866421785144589, 5.8718491369484305]], "conductivity": [[[[10.975213455712804, -1.4523242947285123e-15, -6.481815740448086], [-1.4523242947285123e-15, 1297.3058669973123, -2.189401197163185e-14], [-6.481815740448086, -2.189401197163185e-14, 2538.1141688860052]], [[9.984121730471195, -1.241303009913431e-15, -6.403766284586869], [-1.241303009913431e-15, 1243.7308397705551, -2.1386850018689775e-14], [-6.403766284586869, -2.1386850018689775e-14, 2431.5671832840385]], [[9.152346843891184, -1.0396964655546512e-15, -6.322086517063674], [-1.0396964655546512e-15, 1194.8114563676613, -1.8666186599051382e-14], [-6.322086517063674, -1.8666186599051382e-14, 2334.8027036587982]], [[8.445592157829939, -8.62329012684398e-16, -6.236937555571605], [-8.62329012684398e-16, 1149.8130235189226, -1.8591206680659898e-14], [-6.236937555571605, -1.8591206680659898e-14, 2246.174411527439]], [[7.838580016399395, -7.405182110920766e-16, -6.14878943753104], [-7.405182110920766e-16, 1108.173227321739, -1.6800700003519044e-14], [-6.14878943753104, -1.6800700003519044e-14, 2164.427610940417]], [[7.312333210130676, -6.676525141228817e-16, -6.05821675801753], [-6.676525141228817e-16, 1069.4503683531186, -1.5635295060172453e-14], [-6.05821675801753, -1.5635295060172453e-14, 2088.5847253062075]], [[6.85239476286328, -5.438140746980709e-16, -5.965796692351767], [-5.438140746980709e-16, 1033.289475464045, -1.4671783075543024e-14], [-5.965796692351767, -1.4671783075543024e-14, 2017.86877073232]], [[6.4476646506604665, -5.698034940143158e-16, -5.872064804099132], [-5.698034940143158e-16, 999.4000568668913, -1.2873247346319982e-14], [-5.872064804099132, -1.2873247346319982e-14, 1951.6519570746254]], [[6.089668979306808, -4.468652236158955e-16, -5.777502217499423], [-4.468652236158955e-16, 967.5413017427411, -1.2414914531478265e-14], [-5.777502217499423, -1.2414914531478265e-14, 1889.4206543434482]], [[5.77216534933485, -4.26451877948461e-16, -5.6825391687097255], [-4.26451877948461e-16, 937.5121082571563, -1.1768832132772556e-14], [-5.6825391687097255, -1.1768832132772556e-14, 1830.7510996033404]], [[5.491050543132178, -3.675598560691975e-16, -5.587570180468331], [-3.675598560691975e-16, 909.1448763664959, -1.0127289017554775e-14], [-5.587570180468331, -1.0127289017554775e-14, 1775.2933442990666]]], [[[15.013454803927747, -1.8353513827132286e-15, -8.971371715439128], [-1.8353513827132286e-15, 1776.2616330511319, -2.9673230659521285e-14], [-8.971371715439128, -2.9673230659521285e-14, 3477.406206968676]], [[13.656903121765646, -1.4481187125042121e-15, -8.858233702430756], [-1.4481187125042121e-15, 1704.1749364262016, -2.8462883928387444e-14], [-8.858233702430756, -2.8462883928387444e-14, 3333.746551673257]], [[12.520340509413895, -1.3998429834631218e-15, -8.742476268510678], [-1.3998429834631218e-15, 1638.3379817985333, -2.7419947264241618e-14], [-8.742476268510678, -2.7419947264241618e-14, 3203.28175310578]], [[11.555946122574534, -1.1596072021271994e-15, -8.623476483498909], [-1.1596072021271994e-15, 1577.7450997829042, -2.5370296353364907e-14], [-8.623476483498909, -2.5370296353364907e-14, 3083.747388766109]], [[10.728574269052638, -9.896399770630744e-16, -8.501329732418462], [-9.896399770630744e-16, 1521.6318891885726, -2.2747449530312472e-14], [-8.501329732418462, -2.2747449530312472e-14, 2973.4288109589206]], [[10.011896699428922, -8.214164022972464e-16, -8.376460116727207], [-8.214164022972464e-16, 1469.4011432168727, -2.106573579749647e-14], [-8.376460116727207, -2.106573579749647e-14, 2870.9968628415468]], [[9.385880242807126, -7.387284011417421e-16, -8.249420058064347], [-7.387284011417421e-16, 1420.575953279487, -2.0819179869601273e-14], [-8.249420058064347, -2.0819179869601273e-14, 2775.4014594463356]], [[8.83510388710395, -7.26112958452751e-16, -8.12078025056095], [-7.26112958452751e-16, 1374.7671153682832, -1.894405904701491e-14], [-8.12078025056095, -1.894405904701491e-14, 2685.7967020290594]], [[8.347668203921284, -5.673232869078962e-16, -7.991090202161389], [-5.673232869078962e-16, 1331.6533146394047, -1.7992404882207526e-14], [-7.991090202161389, -1.7992404882207526e-14, 2601.4936458369098]], [[7.914505324565421, -5.323527323111688e-16, -7.860853680378087], [-5.323527323111688e-16, 1290.9653082982138, -1.645871412466764e-14], [-7.860853680378087, -1.645871412466764e-14, 2521.922842433885]], [[7.52904335215597, -4.789850890277105e-16, -7.730538619398296], [-4.789850890277105e-16, 1252.4775499722364, -1.5271620307624697e-14], [-7.730538619398296, -1.5271620307624697e-14, 2446.6128252287367]]], [[[20.573464388325014, -2.551179381672334e-15, -12.390659579306813], [-2.551179381672334e-15, 2430.8927107748414, -4.1958820979271786e-14], [-12.390659579306813, -4.1958820979271786e-14, 4759.714320377413]], [[18.708474053768153, -2.0865926280401368e-15, -12.227512873482874], [-2.0865926280401368e-15, 2333.615553715613, -3.9351939582271647e-14], [-12.227512873482874, -3.9351939582271647e-14, 4565.751388642377]], [[17.149179801069096, -1.8330919101679836e-15, -12.064396473874735], [-1.8330919101679836e-15, 2244.839570496542, -3.704252114461427e-14], [-12.064396473874735, -3.704252114461427e-14, 4389.752835788519]], [[15.8284534885943, -1.7126804510152902e-15, -11.899154925001593], [-1.7126804510152902e-15, 2163.1587123287327, -3.336465622914966e-14], [-11.899154925001593, -3.336465622914966e-14, 4228.558402573943]], [[14.69708807506836, -1.4759996076819608e-15, -11.73106393105003], [-1.4759996076819608e-15, 2087.511493348393, -3.0361060006249786e-14], [-11.73106393105003, -3.0361060006249786e-14, 4079.7898991792454]], [[13.718305697095943, -1.2648028951145748e-15, -11.560135290026754], [-1.2648028951145748e-15, 2017.0736241971638, -2.8040682497523377e-14], [-11.560135290026754, -2.8040682497523377e-14, 3941.6137487087335]], [[12.864172373922782, -1.0664412718630262e-15, -11.386748006292992], [-1.0664412718630262e-15, 1951.1914021151383, -2.8407031864131545e-14], [-11.386748006292992, -2.8407031864131545e-14, 3812.59024180633]], [[12.113186116096141, -9.925758358851254e-16, -11.211433929370767], [-9.925758358851254e-16, 1889.3349736981122, -2.603178502649726e-14], [-11.211433929370767, -2.603178502649726e-14, 3691.566792279001]], [[11.448673622802673, -8.659964621683516e-16, -11.034776265205574], [-8.659964621683516e-16, 1831.0688389889397, -2.450391713464209e-14], [-11.034776265205574, -2.450391713464209e-14, 3577.6086871034845]], [[10.857720189448836, -7.027465055131296e-16, -10.85734800810364], [-7.027465055131296e-16, 1776.0292583390246, -2.3564814995164706e-14], [-10.85734800810364, -2.3564814995164706e-14, 3469.9461164991985]], [[10.330528521111269, -6.652318137804089e-16, -10.679698338368967], [-6.652318137804089e-16, 1723.9107911219526, -2.0115265970509862e-14], [-10.679698338368967, -2.0115265970509862e-14, 3367.941071881623]]], [[[28.24592848604512, -3.455371653012077e-15, -17.07541915861379], [-3.455371653012077e-15, 3325.6773969867154, -5.994338500705235e-14], [-17.07541915861379, -5.994338500705235e-14, 6509.781996424309]], [[25.669530726830917, -2.8533548111235166e-15, -16.839845255666788], [-2.8533548111235166e-15, 3193.783353277889, -5.6460453312275954e-14], [-16.839845255666788, -5.6460453312275954e-14, 6246.993802802922]], [[23.520605102053853, -2.493952887782472e-15, -16.61011620672875], [-2.493952887782472e-15, 3073.6430022520826, -5.055947672030067e-14], [-16.61011620672875, -5.055947672030067e-14, 6008.985941718967]], [[21.70437183901286, -2.0468803974970202e-15, -16.381250300012066], [-2.0468803974970202e-15, 2963.2484164883517, -4.6376524874011525e-14], [-16.381250300012066, -4.6376524874011525e-14, 5791.275767805239]], [[20.151481940361606, -1.835818747694707e-15, -16.15088859636347], [-1.835818747694707e-15, 2861.0902360769064, -4.320220352393659e-14], [-16.15088859636347, -4.320220352393659e-14, 5590.503445850195]], [[18.810221743001218, -1.6008733539724254e-15, -15.918133443265829], [-1.6008733539724254e-15, 2766.005026785622, -4.1465984124364076e-14], [-15.918133443265829, -4.1465984124364076e-14, 5404.095204075219]], [[17.64138662207792, -1.4506724280447543e-15, -15.682887006846553], [-1.4506724280447543e-15, 2677.0763598290614, -3.756790439551671e-14], [-15.682887006846553, -3.756790439551671e-14, 5230.041818348913]], [[16.614830696116176, -1.2470771121672086e-15, -15.445462792172028], [-1.2470771121672086e-15, 2593.5669228636925, -3.4600450290113556e-14], [-15.445462792172028, -3.4600450290113556e-14, 5066.745035244219]], [[15.707139291416963, -1.1730138816865546e-15, -15.206376844264067], [-1.1730138816865546e-15, 2514.874271236953, -3.211632874402509e-14], [-15.206376844264067, -3.211632874402509e-14, 4912.915464984993]], [[14.900040350035514, -1.0068104187988897e-15, -14.966224928141699], [-1.0068104187988897e-15, 2440.498631308422, -3.004713997412058e-14], [-14.966224928141699, -3.004713997412058e-14, 4767.49788336315]], [[14.179359265219341, -8.793898416722753e-16, -14.725622790418178], [-8.793898416722753e-16, 2370.0210998467956, -2.942899318552314e-14], [-14.725622790418178, -2.942899318552314e-14, 4629.6196584371]]], [[[38.86114722405239, -4.4534094467688826e-15, -23.485578732912256], [-4.4534094467688826e-15, 4549.929218660178, -8.275895529574112e-14], [-23.485578732912256, -8.275895529574112e-14, 8900.322610061694]], [[35.284031906153984, -3.8118876432488914e-15, -23.142484506639658], [-3.8118876432488914e-15, 4369.875614536088, -7.236382231141164e-14], [-23.142484506639658, -7.236382231141164e-14, 8542.145440583561]], [[32.308027941729456, -3.1339184729969892e-15, -22.816887238774086], [-3.1339184729969892e-15, 4206.366762816152, -7.216861840292253e-14], [-22.816887238774086, -7.216861840292253e-14, 8218.695098582744]], [[29.798767199081013, -2.814016839782195e-15, -22.498818075267465], [-2.814016839782195e-15, 4056.4803509741455, -6.834588506243979e-14], [-22.498818075267465, -6.834588506243979e-14, 7923.510750589526]], [[27.65803616356036, -2.6278570247007695e-15, -22.182887986314924], [-2.6278570247007695e-15, 3918.0264419506852, -6.13924837156377e-14], [-22.182887986314924, -6.13924837156377e-14, 7651.763950505305]], [[25.812704456921814, -2.2443969345173872e-15, -21.866384145828782], [-2.2443969345173872e-15, 3789.3255292582353, -5.633668097126297e-14], [-21.866384145828782, -5.633668097126297e-14, 7399.771881929111]], [[24.2074150257581, -1.8791880610752364e-15, -21.548147275179513], [-1.8791880610752364e-15, 3669.062270623119, -5.1832243736636494e-14], [-21.548147275179513, -5.1832243736636494e-14, 7164.673162206224]], [[22.79965711010709, -1.7315552428106187e-15, -21.227900900368226], [-1.7315552428106187e-15, 3556.185991692031, -4.846987689774539e-14], [-21.227900900368226, -4.846987689774539e-14, 6944.205239729186]], [[21.556408600563227, -1.5647764806545339e-15, -20.90586187827632], [-1.5647764806545339e-15, 3449.843741132888, -4.3641816873142885e-14], [-20.90586187827632, -4.3641816873142885e-14, 6736.552649072563]], [[20.451819445479185, -1.3955103429913897e-15, -20.582510058742663], [-1.3955103429913897e-15, 3349.333126260012, -4.147687401211528e-14], [-20.582510058742663, -4.147687401211528e-14, 6540.239172779574]], [[19.465623260916022, -1.2251528305159619e-15, -20.258456928364314], [-1.2251528305159619e-15, 3254.069075191539, -3.796667645786037e-14], [-20.258456928364314, -3.796667645786037e-14, 6354.051045758066]]], [[[53.58796851176569, -5.94024706607074e-15, -32.258029654494436], [-5.94024706607074e-15, 6228.528395982784, -1.0898394556237206e-13], [-32.258029654494436, -1.0898394556237206e-13, 12173.03721701464]], [[48.59780492247153, -5.231429234804489e-15, -31.75101214290953], [-5.231429234804489e-15, 5980.566385322968, -1.0266271521937688e-13], [-31.75101214290953, -1.0266271521937688e-13, 11680.700097573354]], [[44.45624676928519, -4.601520206356103e-15, -31.283346320325034], [-4.601520206356103e-15, 5756.295623435304, -9.748545726354299e-14], [-31.283346320325034, -9.748545726354299e-14, 11237.817280649913]], [[40.97263369106557, -4.08329518339029e-15, -30.83666522760359], [-4.08329518339029e-15, 5551.410530382133, -8.83721702328283e-14], [-30.83666522760359, -8.83721702328283e-14, 10834.972091681997]], [[38.00755476137811, -3.652915219598701e-15, -30.400259825782793], [-3.652915219598701e-15, 5362.685261577313, -8.236110861816512e-14], [-30.400259825782793, -8.236110861816512e-14, 10465.128805169523]], [[35.457222567556855, -3.0102319409621737e-15, -29.96805032829368], [-3.0102319409621737e-15, 5187.649863687856, -7.808344498753545e-14], [-29.96805032829368, -7.808344498753545e-14, 10122.927292252825]], [[33.243131747867366, -2.7614147756344066e-15, -29.536772521452495], [-2.7614147756344066e-15, 5024.377715129616, -7.334008761696954e-14], [-29.536772521452495, -7.334008761696954e-14, 9804.21576326244]], [[31.305039473983268, -2.2417468983348735e-15, -29.104852086991787], [-2.2417468983348735e-15, 4871.337137693016, -6.402942030895143e-14], [-29.104852086991787, -6.402942030895143e-14, 9505.723043071912]], [[29.59617568241028, -2.2295914132113223e-15, -28.671744513384116], [-2.2295914132113223e-15, 4727.293690691249, -6.27296401824589e-14], [-28.671744513384116, -6.27296401824589e-14, 9224.839737986465]], [[28.079878757496786, -1.7930226682820743e-15, -28.237505451978947], [-1.7930226682820743e-15, 4591.236668681816, -5.5682433576391204e-14], [-28.237505451978947, -5.5682433576391204e-14, 8959.453837321676]], [[26.727254452345612, -1.7906036050995417e-15, -27.80253795155476], [-1.7906036050995417e-15, 4462.3284414051, -5.5036597872146396e-14], [-27.80253795155476, -5.5036597872146396e-14, 8707.836084374363]]], [[[74.06644380759957, -8.218833011926765e-15, -44.284731152631124], [-8.218833011926765e-15, 8537.62773400617, -1.5168385787134508e-13], [-44.284731152631124, -1.5168385787134508e-13, 16669.35118981018]], [[67.0793393520499, -6.8534341848722935e-15, -43.522546422704714], [-6.8534341848722935e-15, 8192.697232336932, -1.38652964524728e-13], [-43.522546422704714, -1.38652964524728e-13, 15985.705450275547]], [[61.29151849654577, -5.7380570159399614e-15, -42.83839581696108], [-5.7380570159399614e-15, 7882.159226663628, -1.3487972402121115e-13], [-42.83839581696108, -1.3487972402121115e-13, 15373.43249554134]], [[56.433418089558174, -4.979071643377961e-15, -42.200439754502774], [-4.979071643377961e-15, 7599.645412218992, -1.2307425667913479e-13], [-42.200439754502774, -1.2307425667913479e-13, 14818.754335318154]], [[52.3074531962253, -4.30340392967959e-15, -41.589094590894206], [-4.30340392967959e-15, 7340.365247298827, -1.124561029189919e-13], [-41.589094590894206, -1.124561029189919e-13, 14311.337534033304]], [[48.766327652646815, -4.205200017784931e-15, -40.992428800459756], [-4.205200017784931e-15, 7100.64633700766, -1.0551685518757666e-13], [-40.992428800459756, -1.0551685518757666e-13, 13843.297417567934]], [[45.698552950932644, -3.25623788337976e-15, -40.40332637321224], [-3.25623788337976e-15, 6877.626063809906, -1.0146602996153667e-13], [-40.40332637321224, -1.0146602996153667e-13, 13408.526127975885]], [[43.01857161021948, -3.2477986412455825e-15, -39.81769953860596], [-3.2477986412455825e-15, 6669.036161376541, -9.222484900749828e-14], [-39.81769953860596, -9.222484900749828e-14, 13002.221486835115]], [[40.6599361014485, -2.602536030601883e-15, -39.23337093896847], [-2.602536030601883e-15, 6473.053018615811, -8.708733855843738e-14], [-39.23337093896847, -8.708733855843738e-14, 12620.557603396055]], [[38.570527052090725, -2.5034539551489497e-15, -38.64936804096929], [-2.5034539551489497e-15, 6288.191333566915, -8.059957860601535e-14], [-38.64936804096929, -8.059957860601535e-14, 12260.449664801976]], [[36.70917172291019, -2.2865898833985985e-15, -38.06548153639029], [-2.2865898833985985e-15, 6113.228285269753, -7.189489746299195e-14], [-38.06548153639029, -7.189489746299195e-14, 11919.385206210296]]], [[[102.57431316582458, -1.1133118133406843e-14, -60.826491910319824], [-1.1133118133406843e-14, 11727.249682867056, -2.1272885087084033e-13], [-60.826491910319824, -2.1272885087084033e-13, 22874.40096628605]], [[92.77559226605162, -9.385376340435818e-15, -59.6635337514789], [-9.385376340435818e-15, 11242.54421768543, -1.8628084865883064e-13], [-59.6635337514789, -1.8628084865883064e-13, 21915.204989326503]], [[84.66658183650472, -8.367145285100181e-15, -58.643267353528046], [-8.367145285100181e-15, 10808.168754640463, -1.8272472149278197e-13], [-58.643267353528046, -1.8272472149278197e-13, 21059.82639565361]], [[77.8696638839373, -6.882135099639943e-15, -57.71334386743238], [-6.882135099639943e-15, 10414.74412675856, -1.7310340014544193e-13], [-57.71334386743238, -1.7310340014544193e-13, 20288.18777889331]], [[72.10674704834, -5.91007082913014e-15, -56.84021105274401], [-5.91007082913014e-15, 10055.16598300558, -1.6462024681125002e-13], [-56.84021105274401, -1.6462024681125002e-13, 19585.12970194183]], [[67.16978871579161, -5.233638971704298e-15, -56.00236782353775], [-5.233638971704298e-15, 9723.96032336397, -1.496391735093039e-13], [-56.00236782353775, -1.496391735093039e-13, 18939.023473531397]], [[62.90095506190157, -5.125973507773015e-15, -55.18614853654304], [-5.125973507773015e-15, 9416.85122820013, -1.3611052519442883e-13], [-55.18614853654304, -1.3611052519442883e-13, 18340.83568375072]], [[59.178916444205434, -4.189234522972723e-15, -54.38297084483303], [-4.189234522972723e-15, 9130.44777551223, -1.2466886736922984e-13], [-54.38297084483303, -1.2466886736922984e-13, 17783.451003232207]], [[55.90931852232783, -4.025823286984849e-15, -53.587576019993], [-4.025823286984849e-15, 8862.024809669521, -1.1967579360225806e-13], [-53.587576019993, -1.1967579360225806e-13, 17261.1958024477]], [[53.01807955422993, -3.2853549762568746e-15, -52.79691626367237], [-3.2853549762568746e-15, 8609.370117804285, -1.1017241849879173e-13], [-52.79691626367237, -1.1017241849879173e-13, 16769.503861456084]], [[50.44654038307248, -2.9826436817527768e-15, -52.00937762015293], [-2.9826436817527768e-15, 8370.66416941265, -1.0488123625283061e-13], [-52.00937762015293, -1.0488123625283061e-13, 16304.654777807835]]], [[[142.21366169110536, -1.4524411654704972e-14, -83.67275457292202], [-1.4524411654704972e-14, 16152.890755083152, -2.9518302206683526e-13], [-83.67275457292202, -2.9518302206683526e-13, 31478.041771176493]], [[128.49520153567693, -1.3012010682558382e-14, -81.88409811417169], [-1.3012010682558382e-14, 15465.847850376931, -2.694039169624355e-13], [-81.88409811417169, -2.694039169624355e-13, 30120.359691319612]], [[117.13743896518373, -1.0155394341104207e-14, -80.33973581535837], [-1.0155394341104207e-14, 14852.525407044228, -2.4881017676081855e-13], [-80.33973581535837, -2.4881017676081855e-13, 28913.771464041674]], [[107.619887078255, -9.538822716051193e-15, -78.95803041247707], [-9.538822716051193e-15, 14299.286474752264, -2.3500782588202387e-13], [-78.95803041247707, -2.3500782588202387e-13, 27829.392950006833]], [[99.55635945234745, -7.62563195222189e-15, -77.68478266507323], [-7.62563195222189e-15, 13795.695959727904, -2.2200963083122057e-13], [-77.68478266507323, -2.2200963083122057e-13, 26845.195672565616]], [[92.65627859644567, -7.04007469402687e-15, -76.4838891134859], [-7.04007469402687e-15, 13333.655006293573, -1.9076821400814686e-13], [-76.4838891134859, -1.9076821400814686e-13, 25944.15452275449]], [[86.6981538434083, -6.30846838287888e-15, -75.33128838786543], [-6.30846838287888e-15, 12906.796491821335, -1.8724868487448394e-13], [-75.33128838786543, -1.8724868487448394e-13, 25112.95198499433]], [[81.51111728825734, -6.21283808512748e-15, -74.2109829233524], [-6.21283808512748e-15, 12510.051743292217, -1.7034425270028422e-13], [-74.2109829233524, -1.7034425270028422e-13, 24341.048644772334]], [[76.96194678182465, -4.657383730489268e-15, -73.11244147355555], [-4.657383730489268e-15, 12139.342861372981, -1.6376865308584685e-13], [-73.11244147355555, -1.6376865308584685e-13, 23620.021139250897]], [[72.94575715815935, -5.036860871506705e-15, -72.0288308135154], [-5.036860871506705e-15, 11791.350805346097, -1.463178123166307e-13], [-72.0288308135154, -1.463178123166307e-13, 22943.06394765298]], [[69.37932667051183, -4.049549297523238e-15, -70.95586992085758], [-4.049549297523238e-15, 11463.35123895891, -1.4398870193804124e-13], [-70.95586992085758, -1.4398870193804124e-13, 22304.63478736818]]], [[[197.07726915977045, -1.9094980966727494e-14, -115.35294124374663], [-1.9094980966727494e-14, 22317.921256992224, -4.170284100454599e-13], [-115.35294124374663, -4.170284100454599e-13, 43455.90801362002]], [[177.9894079337878, -1.6665702207225796e-14, -112.60818733874513], [-1.6665702207225796e-14, 21338.637337900353, -3.7060867680438274e-13], [-112.60818733874513, -3.7060867680438274e-13, 41523.80354595933]], [[162.15070376171764, -1.493089181905869e-14, -110.25645083458129], [-1.493089181905869e-14, 20466.602966084225, -3.3806812429379897e-13], [-110.25645083458129, -3.3806812429379897e-13, 39809.96283618459]], [[148.86106929643412, -1.2518521593332167e-14, -108.1775341077983], [-1.2518521593332167e-14, 19682.411511707505, -3.2919971976606627e-13], [-108.1775341077983, -3.2919971976606627e-13, 38273.72244482124]], [[137.59543596899815, -9.707816074617615e-15, -106.28901161522826], [-9.707816074617615e-15, 18971.00930872161, -2.931875321404987e-13], [-106.28901161522826, -2.931875321404987e-13, 36883.64990652512]], [[127.95534073772414, -9.046214356235942e-15, -104.53411402803141], [-9.046214356235942e-15, 18320.5935032276, -2.7334891595418176e-13], [-104.53411402803141, -2.7334891595418176e-13, 35615.19857548509]], [[119.63490122053952, -9.406374085080754e-15, -102.87356523246653], [-9.406374085080754e-15, 17721.803784726006, -2.5807101199467374e-13], [-102.87356523246653, -2.5807101199467374e-13, 34448.99054916576]], [[112.39680156673279, -7.623042765497739e-15, -101.28013994787098], [-7.623042765497739e-15, 17167.14107505565, -2.287283705070689e-13], [-101.28013994787098, -2.287283705070689e-13, 33369.580368184215]], [[106.05510046955779, -6.459396149539688e-15, -99.73496553511198], [-6.459396149539688e-15, 16650.536247366825, -2.1005516188027723e-13], [-99.73496553511198, -2.1005516188027723e-13, 32364.538400612295]], [[100.46284993960911, -5.60264735229216e-15, -98.22503794832343], [-5.60264735229216e-15, 16167.035941827282, -2.1586248822112085e-13], [-98.22503794832343, -2.1586248822112085e-13, 31423.78187789131]], [[95.50301799122026, -5.594710586431195e-15, -96.7414869065307], [-5.594710586431195e-15, 15712.56162075397, -1.9225884135777291e-13], [-96.7414869065307, -1.9225884135777291e-13, 30539.06288700683]]], [[[272.3113006696133, -2.4501232236692422e-14, -159.39402174651684], [-2.4501232236692422e-14, 30927.124215571905, -5.476504058631827e-13], [-159.39402174651684, -5.476504058631827e-13, 60170.80589480911]], [[246.06235798860442, -2.1081086010074783e-14, -155.239575884966], [-2.1081086010074783e-14, 29529.662292656576, -5.122079088040823e-13], [-155.239575884966, -5.122079088040823e-13, 57419.42575652052]], [[224.18671554139445, -2.0208193797881517e-14, -151.67831953070117], [-2.0208193797881517e-14, 28286.058027394098, -4.790216491637805e-13], [-151.67831953070117, -4.790216491637805e-13, 54978.672755889784]], [[205.77342965865714, -1.686581891721833e-14, -148.54419233020627], [-1.686581891721833e-14, 27169.43849408909, -4.4356961789248086e-13], [-148.54419233020627, -4.4356961789248086e-13, 52792.87370888195]], [[190.1297420710433, -1.4149337501380312e-14, -145.71991344613272], [-1.4149337501380312e-14, 26158.647332648994, -4.0983847462540247e-13], [-145.71991344613272, -4.0983847462540247e-13, 50818.35150424509]], [[176.72370436320963, -1.2548913270220112e-14, -143.12213905458918], [-1.2548913270220112e-14, 25236.870884598666, -3.6682651940682197e-13], [-143.12213905458918, -3.6682651940682197e-13, 49020.52829175144]], [[165.1429900930235, -1.1202362611814531e-14, -140.6913315034147], [-1.1202362611814531e-14, 24390.632047707273, -3.514481116421571e-13], [-140.6913315034147, -3.514481116421571e-13, 47371.80355761986]], [[155.0650646084856, -1.0531940915357611e-14, -138.38475652964038], [-1.0531940915357611e-14, 23609.033797575627, -3.2749183777458216e-13], [-138.38475652964038, -3.2749183777458216e-13, 45849.96113392711]], [[146.23545597896157, -9.517424001653957e-15, -136.17162931627485], [-9.517424001653957e-15, 22883.189611087677, -3.176009639968299e-13], [-136.17162931627485, -3.176009639968299e-13, 44436.97111800384]], [[138.45184474293484, -8.209335569049727e-15, -134.02976751131834], [-8.209335569049727e-15, 22205.798767639742, -2.889985438423391e-13], [-134.02976751131834, -2.889985438423391e-13, 43118.09636273219]], [[131.55229341690696, -7.428307715483347e-15, -131.94325814064783], [-7.428307715483347e-15, 21570.82504644025, -2.8673419753549244e-13], [-131.94325814064783, -2.8673419753549244e-13, 41881.216780625306]]]], "seebeck": [[[[529.9176465855438, -2.6256070307222826e-13, -25.506396980920243], [1.6813007061329833e-16, 600.8343374699199, -1.3733452841698357e-13], [-0.28812923857623823, -6.117262106066732e-14, 599.5534970359611]], [[539.3851239464726, 4.2930999084171043e-13, -26.60477428688941], [9.445529093638773e-17, 607.179303267776, -2.2482023321526908e-14], [-0.2852490610719888, 7.282613739828026e-15, 606.2171930529994]], [[548.0290820676553, -7.539218817000974e-12, -27.49267141745451], [-6.766527759559459e-19, 612.7665302540818, 1.7408634176255808e-13], [-0.2811717662437066, -1.5796696884191263e-14, 612.0677715806653]], [[555.990126091533, -6.96602800376435e-12, -28.208066331808126], [8.730998527678746e-17, 617.7438333155341, -4.207984122264369e-14], [-0.2761768484569546, -1.5489748943950006e-14, 617.2553773236108]], [[563.3780648216969, -6.593471264634469e-12, -28.78058472304453], [8.502723783728565e-17, 622.2223714607111, -4.009232346278509e-14], [-0.2704671324060373, -1.4970200232172215e-14, 621.8948861597396]], [[570.2752767592366, -6.494669954995117e-12, -29.233044479420144], [8.057215935191543e-17, 626.2867693728749, -3.948181712589805e-14], [-0.26420297865594594, -1.4925479292138173e-14, 626.0752847688225]], [[576.7329845081817, -5.734136316528753e-12, -29.582726821862753], [7.659530911362194e-17, 630.0022333505169, -3.5669400012263936e-14], [-0.2575467356549287, -1.3758777733656888e-14, 629.8663728690527]], [[582.7549232695044, -1.740168069840825e-11, -29.84215809402556], [-1.240056596476404e-17, 633.4194450733928, 1.6378069439563406e-13], [-0.2507384226643619, -8.3937379650544e-14, 633.3234907786872]], [[588.2593188156077, -5.431114004596563e-12, -30.01916870992864], [6.640303791025798e-17, 636.5777653561343, -3.378094088111383e-14], [-0.24423579536647802, -1.3357425796291643e-14, 636.490776862271]], [[593.0057675323203, -5.517302313651947e-12, -30.115948198062625], [6.244210376618097e-17, 639.5070634136061, -3.416860256807255e-14], [-0.23896746555708515, -1.36585087576389e-14, 639.4032862926962]], [[596.4694838409014, -5.0336595477307935e-12, -30.126781496407837], [5.725885221963509e-17, 642.2283225326145, -3.1047993852146185e-14], [-0.2367638444841959, -1.2538835741397132e-14, 642.0881676608949]]], [[[504.3892241856421, -7.209748043753176e-12, -24.60182658343461], [4.8778695912363676e-17, 575.946162639153, 8.552115082683019e-14], [-0.2871238892712748, -7.869002234558444e-14, 574.5109405931892]], [[514.0157595707706, -6.516532791515201e-12, -25.806085641670094], [4.120714512216005e-17, 582.2949058121219, 8.969798572461377e-14], [-0.28420982385487625, 1.151478533296542e-13, 581.190811466773]], [[522.7978569284116, -7.110977799256384e-12, -26.779020860430137], [3.0333635905955994e-17, 587.8796226043922, 8.785359635523846e-14], [-0.28002458754287696, -8.065256896761307e-14, 587.0491256494884]], [[530.8780407084698, -6.563374385743517e-12, -27.562280982557912], [9.132450757152554e-17, 592.8494029512952, -3.99172296818482e-14], [-0.2748743125715297, -1.4636111543264156e-13, 592.2378311125292]], [[538.3691209613205, -6.1757963544477985e-12, -28.188803146046137], [8.250457945726805e-17, 597.3165132482466, -3.7575159200101287e-14], [-0.26897856264106584, -1.4034556891388125e-14, 596.8732556359541]], [[545.3591190497046, -5.60020506265188e-12, -28.68431853730015], [7.559606584148196e-17, 601.3665574248718, -3.469825457306698e-14], [-0.26250113854348267, -1.4674148568859713e-13, 601.0455909795256]], [[551.9116229878064, -5.459954459664052e-12, -29.06873701963045], [7.147103662500367e-17, 605.0656017299771, -3.445884486636152e-14], [-0.25558302320721715, -1.4772162474065172e-13, 604.8256227684441]], [[558.0587649054327, -5.778229179578137e-12, -29.357210540438377], [7.114188579267596e-17, 608.4652550017705, -3.567574723789575e-14], [-0.2483901072354367, -1.3922658357983787e-14, 608.2696206715558]], [[563.7816041092684, -4.83176652851154e-12, -29.560703227581353], [6.105223252231214e-17, 611.6060312897545, -3.099617517232603e-14], [-0.24119491870233467, -1.2387440365683187e-14, 611.4226763988619]], [[568.9707608104492, -4.8259056023620985e-12, -29.68590811799764], [5.971498367588198e-17, 614.5196367147333, -3.058816969913293e-14], [-0.23452020409545984, -1.2328893283495051e-14, 614.3211255864828]], [[573.3570585652399, -4.598217855979944e-12, -29.734322588707872], [5.693406643045699e-17, 617.2300693553594, -2.920657629883502e-14], [-0.22938151370541818, -1.1913624851689797e-14, 616.9939597041068]]], [[[478.5377098100079, 2.6642586602310444e-13, -23.624735862377346], [9.987682006135547e-17, 550.8665180986251, -2.1212110371633288e-14], [-0.2864266112206009, 5.8041571233065e-15, 549.3383137327132]], [[488.3398129042765, -6.542377100825716e-12, -24.94832494915859], [1.0051950396796648e-16, 557.2453542241384, -3.9268650508510755e-14], [-0.2835696813176501, -1.377957279943292e-13, 556.0529762289623]], [[497.2784775061188, -6.49404598124841e-12, -26.017685932152947], [9.457532309157112e-17, 562.8508315421384, -3.9284223945684605e-14], [-0.279340174971102, -1.42772354322078e-14, 561.9358644595482]], [[505.49683688681085, -6.7677517147794855e-12, -26.878012850508053], [-8.237302234225066e-18, 567.8334876371464, 1.5608544036470376e-13], [-0.2740761775001353, -1.4080815154272867e-13, 567.140689048311]], [[513.1094076627126, -6.433325874928791e-12, -27.565646299437514], [8.44155855390005e-17, 572.306950527115, -3.8462600973350126e-14], [-0.2680200216228714, -1.427624114490863e-14, 571.7853001078612]], [[520.2076876586041, -6.025602532067572e-12, -28.10940624527363], [7.250583306668709e-17, 576.3580700611329, -3.629538739120993e-14], [-0.26134770722044764, -1.369637282317748e-14, 575.9612123334576]], [[526.8626454912611, -5.5082062257828625e-12, -28.531971278515], [6.865956839281494e-17, 580.0540176108219, -3.4284097394880767e-14], [-0.2541959885419783, -1.4205558184066494e-13, 579.7403370317746]], [[533.1227540465535, -5.519733408229261e-12, -28.851075848854705], [6.832785333842273e-17, 583.4474239139914, -3.4111480427511856e-14], [-0.24669500811351439, -1.3333670841982985e-14, 583.1799235309766]], [[539.0046259630686, -5.1539407271190475e-12, -29.080367546279682], [6.39784084654027e-17, 586.5798999218524, -3.2207899306968954e-14], [-0.23901791592062485, -1.2794836717713089e-14, 586.3260145397546]], [[544.4723662827054, -4.45166051015506e-12, -29.229814386678285], [5.920548486955276e-17, 589.4845289614462, -2.875563464033855e-14], [-0.23146359723277915, -1.1667567625155015e-14, 589.2159873001008]], [[549.3998724771551, -4.46392941165627e-12, -29.305553740438963], [5.37769089781999e-17, 592.1873518014922, -2.7978964403093646e-14], [-0.2245938850031205, -1.1397608394267026e-14, 591.8802026024798]]], [[[452.3404123432003, -6.5312852396152735e-12, -22.576364069852406], [4.2290773911580267e-17, 525.5621591663316, 7.729250968314206e-14], [-0.2859186113648377, -7.215046430244087e-14, 523.9976555621253]], [[462.32889827984087, -6.2020657964022826e-12, -24.03376685323332], [3.4637533336250295e-17, 531.9987605593545, 8.002601450614337e-14], [-0.2832468279462226, -1.317530842311551e-13, 530.7681056849839]], [[471.4389555912434, 1.6807684210245318e-12, -25.212749593579208], [1.2958870269382518e-16, 537.6501942118352, -1.0788919452320285e-13], [-0.27907061623693485, 1.886497261735812e-13, 536.6951084981107]], [[479.8125838264277, -5.6220784864268436e-12, -26.161480152659855], [8.573943563669164e-17, 542.6683446718066, -3.4614311336785373e-14], [-0.27376405973605117, -1.3331701481418062e-13, 541.9338904126796]], [[487.5645900809486, -5.567911135459697e-12, -26.919503704275257], [7.863155050958736e-17, 547.1683218784821, -3.4274948884247304e-14], [-0.2675973217351807, -1.2863216810779126e-14, 546.6038095537194]], [[494.7881829752299, -5.31022268692622e-12, -27.51873837764336], [7.111638178295408e-17, 551.2383576502964, -3.3135002149606734e-14], [-0.2607653731104971, -1.2664025955422893e-14, 550.7977229393227]], [[501.5585282703349, -5.218840164448713e-12, -27.98472303526207], [7.101582348093736e-17, 554.9468943671961, -3.227516319879459e-14], [-0.2534121552091935, -1.3568537794757252e-13, 554.5887420365734]], [[507.9334653420443, -4.831861499498165e-12, -28.337824033774254], [6.56709960451454e-17, 558.3477234520368, -3.015727071711364e-14], [-0.24565521040290053, -1.183436954024011e-14, 558.035179967604]], [[513.9497664493266, -4.865291084879048e-12, -28.594225883887013], [6.167988120881139e-17, 561.4835932299823, -3.015357945021824e-14], [-0.23761780180777203, -1.1964877364301781e-14, 561.1840742482897]], [[519.6128198412373, -4.445435899727176e-12, -28.766605166875287], [-1.1990922789633875e-17, 564.388791122077, 1.4420283429610563e-13], [-0.22947806003711588, -1.1239571955757296e-14, 564.0737704804752]], [[524.8765847940522, -4.113042302691589e-12, -28.864415656818974], [5.728845861669759e-17, 567.0908731522459, -2.6356250260450046e-14], [-0.22154756104932302, -1.367304718137102e-13, 566.7357328319183]]], [[[425.7909916659593, -5.788205661414673e-12, -21.45196160661205], [9.918729503332778e-17, 500.0013953919794, -3.534888995102721e-14], [-0.2853808605994834, -1.259278042218848e-14, 498.4455303187618]], [[435.9665908548972, -5.712608341186316e-12, -23.056965615225923], [9.295529361383409e-17, 506.5222765482198, -3.4604890918744754e-14], [-0.2830591370946071, -1.2419632425633283e-14, 505.2931839638312]], [[445.2554914191866, -5.327008781222414e-12, -24.359643790293728], [-1.4869250852694e-17, 512.2449291138936, 1.47525968498047e-13], [-0.2790716103899259, -1.2255976408692116e-14, 511.2852004005595]], [[453.7963974288642, -5.3504631072036255e-12, -25.40996892380219], [8.118664506119345e-17, 517.3221212814041, -3.343764225506953e-14], [-0.27382968843061384, -1.245594979171208e-14, 516.5777722943837]], [[461.70261397854256, -1.3750677756681259e-11, -26.250039815880008], [-9.702115335289121e-18, 521.8702123710628, 1.419477216000007e-13], [-0.26763462893886397, -9.602448137687678e-14, 521.2914491164358]], [[469.0673518810032, -1.3758249477140486e-11, -26.9145684984161], [-9.228085584872033e-18, 525.978770008966, 1.4146178941897699e-13], [-0.2607053042751452, -9.747878202823395e-14, 525.5203058571904]], [[475.9676450031168, -4.693520768444715e-12, -27.431855262343053], [7.087731627882124e-17, 529.717548179133, -2.9538811825066206e-14], [-0.25320067837183724, -1.1474966195602124e-14, 529.3386279017324]], [[482.46639092802127, -4.6609967773195536e-12, -27.82488307399119], [-1.245996770363067e-17, 533.14156536585, 1.394424802390635e-13], [-0.2452401618020206, -1.1457763908565462e-14, 532.8058111268074]], [[488.6116316450957, -4.510417023944134e-12, -28.112317859965593], [6.134137773551306e-17, 536.2947445313649, -2.802213475178675e-14], [-0.23692626228977473, -1.1135972084594501e-14, 535.9699101570723]], [[494.4318911588024, -4.283537380131733e-12, -28.309298340877703], [5.853429918850017e-17, 539.212532225847, -2.6821108427132456e-14], [-0.22837533166276522, -1.081896531770734e-14, 538.8702336802048]], [[499.9258711702255, -3.985228571528527e-12, -28.427950310264794], [5.278826920479193e-17, 541.9237404358887, -2.5054626810519114e-14], [-0.2197637394162524, -1.0242170051028345e-14, 541.539220618269]]], [[[398.91112908310146, 8.529940926729198e-13, -20.24623659546533], [1.4241892246146876e-16, 474.1590909301383, -1.0286919745375412e-13], [-0.2845082814121662, 5.9943035292832644e-15, 472.64084024320135]], [[409.2593208267678, 1.2059861569544204e-12, -22.008814625108208], [1.312626662957275e-16, 480.78602411284635, -1.0027436721635571e-13], [-0.2827276226007241, 7.359665690282347e-15, 479.5838975402147]], [[418.72237527540807, -5.375696144654961e-12, -23.447826769274624], [8.875028192512751e-17, 486.60242434102406, -3.3080249586597817e-14], [-0.2790976262460514, -1.209077966329675e-14, 485.6604110186356]], [[427.4331439379582, -5.347633085757858e-12, -24.613239266161017], [8.466035384164245e-17, 491.7609175227439, -3.2675080676775283e-14], [-0.27406391619000586, -1.2064812029943948e-14, 491.0264550946146]], [[435.5013137415169, -5.298972955938314e-12, -25.548502918695426], [7.892967939866089e-17, 496.37847887329747, -3.236889341669941e-14], [-0.26795901746334516, -1.2233379215441864e-13, 495.8030848123024]], [[443.0182489758328, -4.7872297801610075e-12, -26.290380593533165], [7.062221750532207e-17, 500.54567132251043, -2.991989027026156e-14], [-0.26102817351750507, -1.1446541662255564e-14, 500.0852028457542]], [[450.0608194402318, -4.772263053892893e-12, -26.869510820882788], [6.933237979750479e-17, 504.3333718220303